4.462977348932973883e-11
1.261164712336470972e-08
3.786769170029872602e-08
6.348976590878249874e-08
8.972188950318256467e-08
1.168690871764570638e-07
1.452363836215641097e-07
1.751898084700534836e-07
2.072174012306582094e-07
2.418072014121113112e-07
2.796912682775122719e-07
3.217236709671440425e-07
3.692465181300222800e-07
4.237849332309377638e-07
4.878401187521472154e-07
5.647673463161902013e-07
6.599350505191299852e-07
7.821279425181608932e-07
9.463532372068236776e-07
1.181588280416141453e-06
