1.000000000000000021e-08
2.825837134571151706e-06
8.484849628320942147e-06
1.422587679589319225e-05
2.010359508650287865e-05
2.618635006166871866e-05
3.254248728290942450e-05
3.925402142404745963e-05
4.643030538351277650e-05
5.418069205973531058e-05
6.266921080035998883e-05
7.208722917763923054e-05
8.273546766225538371e-05
9.495565406180203486e-05
1.093082219807326550e-04
1.265449725957531481e-04
1.478687877895929468e-04
1.752480197339910796e-04
2.120452700556684541e-04
2.647533670989032006e-04
